249220340  49.06417  22.68611
249220350  49.12194  22.58556
249220330  49.12472  22.79139
249220310  49.14472  22.47167
249220290  49.15361  22.31722
249220320  49.15778  22.55167
249220280  49.19167  22.68306
249220270  49.19639  22.42472
249200560  49.20111  20.07167
249220240  49.20889  22.27167
249220250  49.21306  22.33333
249200550  49.21361  20.0475
249220260  49.22111  22.63389
249190680  49.22944  19.85944
349190650  49.23278  19.98194
249190670  49.23694  19.78833
249200540  49.24389  20.00556
249220230  49.24806  22.6925
249200530  49.26361  20.115
249190660  49.27778  19.87083
349190625  49.29389  19.96028
249220210  49.29722  22.42694
249220220  49.30333  22.57667
249190650  49.30556  19.92972
249220190  49.31472  22.4475
249200510  49.33028  20.035
249190640  49.33222  19.92889
249200480  49.33750  20.09806
249220180  49.33917  22.06333
249200520  49.34389  20.99611
249200490  49.34972  20.88556
249220170  49.35389  22.28361
249210270  49.37889  21.99917
249190620  49.38417  19.97306
249190610  49.39167  19.88417
249210260  49.39222  21.00889
249220150  49.40000  22.46806
249220140  49.40361  22.15028
249200470  49.40778  20.96083
249200450  49.41250  20.10556
249200440  49.41750  20.89583
249200420  49.41778  20.31583
249200580  49.42528  20.72306
249190580  49.42583  19.00806
249210240  49.43111  21.68472
249200380  49.43389  20.02556
249210230  49.43806  21.1725
249210250  49.44000  21.81
249200370  49.44556  20.43167
249210220  49.45389  21.42083
249200360  49.45528  20.28167
249190750  49.45639  19.14556
249200350  49.46528  20.95667
249200340  49.46611  20.20944
349220690  49.46639  22.34167
249190630  49.47056  19.69083
249200320  49.47417  20.12361
249210210  49.49000  21.90722
249200330  49.49528  20.21194
249210190  49.50083  21.86528
249220120  49.50722  22.54778
249220110  49.50778  22.02528
249190540  49.50806  19.115
249200290  49.51028  20.24472
249190550  49.51389  19.11611
249210180  49.51611  21.48389
249200280  49.52722  20.85889
249190530  49.54056  19.31861
249190520  49.54417  19.96861
249190480  49.54472  19.01611
249200270  49.54472  20.11833
249200260  49.55694  20.43889
249210170  49.55861  21.34556
249190410  49.55917  19.08056
249190460  49.56611  19.77278
249190440  49.56694  19.34833
249210140  49.56694  21.68083
249210150  49.56778  21.78889
249180290  49.56889  18.89222
249190430  49.58194  19.29944
249220080  49.58444  22.18528
249180280  49.58472  18.9375
249190390  49.58778  19.51639
249200250  49.58972  20.02583
249200240  49.60028  20.88667
249180260  49.60361  18.90111
249210120  49.61111  21.53417
249190350  49.61167  19.51889
249190720  49.61361  19.9625
249190370  49.61389  19.96222
249200230  49.62000  20.94861
349200660  49.62722  20.68806
249200220  49.64056  20.38306
249180240  49.64472  18.96778
249190330  49.65028  19.16
249200210  49.65222  20.215
249190320  49.65361  19.99194
249180230  49.65472  18.86111
249220070  49.65472  22.63917
249210090  49.65528  21.17111
249190340  49.67222  19.41361
249180220  49.68333  18.81972
249190280  49.68361  19.91028
249220060  49.68722  22.48111
249190240  49.68806  19.4175
249200180  49.69361  20.41833
249180210  49.70306  18.99389
349210670  49.70667  21.76917
249180190  49.71000  18.90278
249190220  49.71583  19.38278
249210160  49.71694  21.96111
249180180  49.72028  18.85278
249190210  49.72417  19.16028
249190190  49.72583  19.68806
249210070  49.73528  21.29556
249200150  49.73833  20.63861
249210080  49.73944  21.48222
249180170  49.74667  18.94222
249200140  49.75028  20.07472
249180160  49.75361  18.87083
249180130  49.75389  18.64833
249190170  49.75944  19.78806
249200110  49.77083  20.22444
250180150  49.77361  18.97333
249200120  49.78528  20.41611
249200130  49.78639  20.89639
249190130  49.78917  19.19611
249190120  49.79389  19.10694
249190140  49.79556  19.44694
249190150  49.79667  19.9175
349220695  49.80417  22.77194
249220040  49.83528  22.235
249180090  49.85444  18.88056
249180070  49.85556  18.98583
249190090  49.86778  19.39528
249190110  49.86972  19.685
249190080  49.87694  19.51111
249210040  49.87722  21.81472
249200070  49.87750  20.07056
249200060  49.89528  20.58833
249210030  49.90389  21.04778
249190060  49.90472  19.965
249200050  49.92056  20.30944
249190050  49.94250  19.81333
249200020  49.96528  20.49528
249190030  49.97250  19.89472
249220010  49.98528  22.40722
249210010  49.98722  21.30833
250200310  49.98722  20.0525
249180020  49.99194  18.70556
249200010  49.99639  20.43333
250230140  50.01778  23.15833
250220210  50.02139  22.7025
350200575  50.02972  20.98417
250210240  50.06361  21.49306
250190470  50.06389  19.89
250200290  50.06583  20.71
250210260  50.07806  21.70361
250200280  50.09361  20.25639
350220580  50.11528  22.02917
250180490  50.12861  19.00111
250160650  50.15333  16.67083
250180510  50.15444  18.48306
250170390  50.18194  17.795
250200270  50.18611  20.99111
250230130  50.19667  23.04639
250210230  50.19944  21.26944
250160630  50.22167  16.78444
250160620  50.22750  16.88417
250230120  50.23361  23.11806
350190560  50.24056  19.03139
250200250  50.25306  20.23056
250190310  50.25861  19.26278
250210220  50.26222  21.74583
250190290  50.27694  19.60333
250200230  50.27750  20.78694
250210210  50.27917  21.43278
250170340  50.28806  17.43778
250170330  50.30194  17.38722
250200220  50.31833  20.42056
250160530  50.32944  16.39417
250210170  50.34139  21.93194
250180340  50.34222  18.61556
250160520  50.34556  16.885
250210180  50.34806  21.44444
250230090  50.35500  23.33
250220140  50.35667  22.75667
250160510  50.35917  16.71722
250200210  50.36278  20.03278
250210160  50.36639  21.75194
250160480  50.40972  16.37944
250160260  50.41167  17.08417
250170290  50.41167  17.08417
250160490  50.42528  16.51833
250180270  50.42861  18.94222
250190220  50.43083  19.38389
250160450  50.43944  18.2025
250230070  50.45806  23.39889
250190210  50.45972  19.64694
250170250  50.47222  17.16639
250190180  50.48333  19.25361
250230060  50.48722  23.05778
250220130  50.50694  22.79
250160410  50.50889  16.74417
250200160  50.52417  20.68833
250190170  50.54889  19.37111
250220120  50.56861  22.30667
250180190  50.56917  18.62306
250160350  50.57722  16.665
250210130  50.59500  21.185
250200130  50.61333  20.525
250190140  50.64000  19.38028
250160330  50.64417  16.63583
250200340  50.65306  20.27556
250210120  50.65306  21.45028
250160310  50.66222  16.17583
250160290  50.67111  16.07
250210110  50.67167  21.04833
250220080  50.67472  22.64944
250180140  50.69528  18.80806
350210585  50.69667  21.71611
350230595  50.69778  23.20611
250160270  50.70556  16.43722
250160220  50.71111  16.36389
250150260  50.71278  15.95722
250210090  50.72472  21.18694
250150250  50.72611  15.94861
250150520  50.72611  15.94861
250210080  50.73667  21.07722
250150240  50.73972  15.91111
250160190  50.74917  16.18972
250220050  50.75750  22.86056
250170110  50.75861  17.01722
250200110  50.75861  20.90278
250160170  50.76417  16.42889
250160150  50.76778  16.0375
250210070  50.77028  21.25528
250150220  50.77889  15.76917
250200090  50.79111  20.03194
250150210  50.79917  15.6675
250150190  50.80278  15.825
250160120  50.80333  16.19583
250160130  50.80667  16.24111
250230020  50.80806  23.04194
350200570  50.81056  20.69222
350190550  50.81194  19.09167
250150150  50.82167  15.51889
250150170  50.82306  15.44167
250240010  50.84028  24.03528
250200060  50.84944  20.95833
250160090  50.85361  16.54278
250210050  50.85972  21.05167
250200050  50.86528  20.41167
250210270  50.867    21.083
250150130  50.86722  15.97722
250160070  50.88222  16.99
250210030  50.88944  21.83417
250150090  50.89778  15.35833
250140030  50.89972  14.98083
250180030  50.90444  18.36333
250150110  50.90611  15.96306
250150080  50.91611  15.57222
250220030  50.91778  22.66694
250210020  50.91917  21.21889
250190030  50.92111  19.75833
250160030  50.92528  16.09833
250190010  50.94167  19.96111
250150030  50.94250  15.30417
250200040  50.94722  20.95167
250150060  50.95167  15.44889
250150050  50.96222  15.64278
250200010  50.97833  20.64972
251180240  51.00139  18.45694
251150350  51.01083  15.51167
251150360  51.01250  15.89361
250150160  51.01389  15.34083
251210240  51.01833  21.19667
251150340  51.02889  15.43222
251150320  51.03611  15.11972
251210230  51.04167  21.05361
251200240  51.04194  20.37139
251160290  51.04861  16.18917
251200250  51.04972  20.83056
251170290  51.06667  17.71667
251200230  51.07417  20.99889
251150290  51.07694  15.06528
251190160  51.08056  19.88028
251150280  51.09028  15.75056
251200220  51.09889  20.61222
251180210  51.11750  18.86778
251170270  51.11889  17.54472
251190150  51.14750  19.40833
251180190  51.18278  18.14306
251200170  51.21583  20.14861
351220495  51.21667  22.39278
251180170  51.24083  18.98361
251150180  51.27639  15.6775
251180160  51.28306  18.78389
251160220  51.29667  16.91806
251180150  51.31028  18.14639
251170210  51.32361  17.07028
251200150  51.32389  20.92583
251190130  51.33333  19.1125
251200140  51.33889  20.66583
251190140  51.35278  19.86667
351190469  51.35333  19.86639
251200130  51.37889  20.23444
251140060  51.38806  14.97611
251190120  51.40306  19.64778
251180140  51.41806  18.61917
251160170  51.44861  16.61278
251160150  51.50056  16.05583
251170140  51.51111  17.27694
251180110  51.51472  18.22611
250190080  51.52750  20.18278
351230497  51.55361  23.52944
351210488  51.56500  21.54333
251180090  51.59306  18.68722
251190070  51.60361  19.10972
251150110  51.61389  15.28972
251200030  51.62194  20.16028
251160110  51.63167  16.46417
251170120  51.63667  17.81
251200080  51.65750  20.95111
251160080  51.66833  16.09306
351190465  51.72722  19.40222
251220040  51.76917  22.60083
251200060  51.78028  20.73694
251180050  51.83417  18.40972
251180040  51.88556  18.96
251180020  51.94333  18.15056
251170030  51.94556  17.55333
252180260  52.00944  18.49722
252210240  52.03750  21.72389
252180240  52.07611  18.29667
352230399  52.07861  23.62222
252170260  52.14278  17.58944
352220385  52.18111  22.24472
252190120  52.24278  19.62306
252180210  52.25083  18.91583
252170180  52.31500  17.5925
252220120  52.41194  22.56556
249200310  49.49083  20.04694
252200080  52.56194  20.66083
252210080  52.58833  21.45278
252190150  52.58861  19.725
352190360  52.58861  19.72556
252230120  52.71278  23.84778
252220050  52.74556  22.82222
252170060  52.75778  17.49444
252160050  52.81583  16.83889
252230080  52.83389  23.89667
252230090  52.86194  23.19611
252230060  52.86389  23.72722
252210020  52.88278  21.53472
253230040  52.91583  23.52278
252230040  52.91611  23.52361
252230030  52.93694  23.755
252230010  52.97222  23.87944
253220270  53.02972  22.75056
353180250  53.04194  18.59556
353210285  53.06556  21.53306
253220250  53.07806  22.24778
353200270  53.10417  20.36111
353230295  53.10722  23.16222
253210260  53.14806  21.76722
253220220  53.15639  22.67222
253180220  53.17389  18.045
253230150  53.17583  23.52611
253230110  53.18194  23.01972
253220210  53.20472  22.77
253230090  53.21083  23.3325
253150170  53.21583  15.74917
253230080  53.21722  23.18083
253220180  53.23250  22.14083
253190220  53.25444  19.82444
253220160  53.27417  22.45861
253210220  53.28528  21.86444
253230060  53.35389  23.34028
253170160  53.38000  17.30972
253210210  53.38528  21.35
253210180  53.39306  21.79167
353140205  53.39528  14.62278
253220150  53.39667  22.81417
253220130  53.41472  22.4025
253230050  53.41667  23.50194
253160110  53.42556  16.81417
253190150  53.42583  19.58972
253150130  53.42917  15.30278
253180150  53.43750  18.70944
253230030  53.47194  23.23361
253220120  53.48222  22.64583
253210170  53.48750  21.36639
253220110  53.55306  22.60167
253200080  53.56944  20.2975
253210130  53.58361  21.02028
253220080  53.60972  22.93167
253230020  53.63500  23.40139
253150070  53.65056  15.80917
253220070  53.65056  22.57833
253140040  53.65917  14.51833
253170060  53.70417  17.84
253180090  53.70583  18.17611
252210050  53.72750  21.09
253190070  53.73944  19.21361
353200272  53.76889  20.42139
353150210  53.77194  15.41472
253140010  53.83778  14.61583
253180060  53.84083  18.09278
253160020  53.90556  16.06806
253190030  53.90806  19.83083
353140200  53.92306  14.24083
253160010  53.94750  16.77333
253180040  53.98222  18.54861
254160110  54.01556  16.98028
354210185  54.06778  21.36778
254190160  54.07083  19.66
254170140  54.12861  17.96194
254200080  54.13528  20.58639
254170130  54.13778  17.42389
254200070  54.15889  20.33972
354190160  54.16222  19.43
254200050  54.18556  20.04806
354150100  54.18972  15.60361
254210020  54.19778  21.76417
254220060  54.24778  22.03056
254200040  54.25778  20.82556
254190080  54.26722  19.84917
254180140  54.27417  18.09167
254220030  54.30833  22.27056
254220020  54.32111  22.03889
254190070  54.32500  19.52278
254180110  54.33361  18.93444
254190050  54.36028  19.67694
254190040  54.38389  19.83778
354180140  54.39972  18.69778
254190020  54.42611  19.74639
254180060  54.51889  18.55944
354170125  54.55306  17.75722
354160115  54.58778  16.85417
354180135  54.60361  18.81194
254180050  54.61361  18.22528
354170120  54.75361  17.53472
254180010  54.82944  18.33556
249190560  49.46667     19.70
254140010  54.02222  14.73167